gem5 Simulator System.  http://gem5.org
gem5 is copyrighted software; use the --copyright option for details.

gem5 compiled Nov  5 2021 04:17:18
gem5 started Nov  6 2021 14:19:38
gem5 executing on f21a8accea9f, pid 46
command line: build/X86/gem5.opt --outdir=results configs/example/spectre_config.py --benchmark=cons --num-cpus=1 --mem-size=4GB --l1d_assoc=8 --l2_assoc=16 --l1i_assoc=4 --cpu-type=DerivO3CPU --scheme_invisispec=UnsafeBaseline --needsTSO=0 --scheme_cleanupcache=Cleanup_FOR_L1L2 --num-dirs=1 --ruby --network=simple --topology=Mesh_XY --mesh-rows=1

**********
**CleanupCache Simulation Options**
scheme_cleanupcache=Cleanup_FOR_L1L2
options.rand_L2=1
options.cleanupLQExecd_on_Squash=1
options.cleanupLQInflight_on_Squash=1
options.random_repl_L1=1
options.l1d_mshr_tracking=1
options.L2Inv=1
options.InternalInterferenceHit=1
**********
 
Selected SPEC_CPU2006 benchmark
--> cons
['cons']
Global frequency set at 1000000000000 ticks per second
**** REAL SIMULATION ****
206
173
173
226
173
173
173
527
173
173
378
173
173
1035
173
173
173
173
173
173
173
173
173
173
193
173
172
204
161
206
173
157
173
173
173
173
173
173
173
173
173
173
188
487
173
173
842
227
173
161
173
173
181
166
173
173
173
173
228
173
550
161
172
173
181
173
173
162
172
173
173
630
173
172
496
173
173
173
173
173
173
173
173
226
173
173
173
173
173
173
173
173
226
226
157
173
173
173
173
173
173
220
173
197
229
210
173
157
170
157
173
172
173
172
206
173
173
172
173
458
173
172
174
204
173
173
173
157
173
196
157
173
186
173
173
173
157
157
157
173
267
173
173
173
173
173
173
173
173
173
173
173
173
173
173
173
173
193
173
173
174
173
192
183
157
173
172
173
161
173
173
173
157
174
173
157
723
173
173
173
173
173
173
227
206
173
173
157
173
173
173
173
173
173
204
173
173
193
169
173
190
173
173
188
173
173
173
173
173
173
227
173
173
188
173
173
173
173
221
157
173
173
173
173
173
190
194
173
226
173
186
157
157
156
204
173
173
173
173
173
190
173
173
170
173
173
192
173
173
188
173
173
173
173
173
173
157
173
827
157
173
173
463
173
173
173
173
173
205
173
224
173
173
173
173
173
173
173
173
173
173
207
173
173
173
173
173
173
170
173
186
173
173
173
173
596
161
173
173
173
173
173
166
173
173
213
173
173
173
185
173
173
173
173
173
173
173
173
173
173
173
173
173
173
173
173
173
173
157
226
173
173
173
157
173
186
173
157
163
173
173
173
173
173
173
173
173
173
190
355
173
173
157
173
173
173
173
173
188
157
173
173
173
173
157
173
173
186
204
173
173
173
173
173
173
173
173
172
172
156
173
173
173
173
173
173
173
173
173
173
472
173
173
173
172
173
173
221
173
237
756
173
206
173
173
226
183
444
173
157
173
173
173
157
173
173
160
336
173
227
173
173
213
173
173
173
173
157
173
173
167
173
173
173
173
173
173
172
172
173
157
173
173
173
173
213
173
157
622
194
173
189
173
173
173
157
173
193
173
157
173
173
325
173
173
157
161
172
173
173
173
173
173
173
173
227
173
173
173
173
173
173
173
173
173
173
769
157
173
157
173
188
173
173
183
173
157
173
173
173
188
173
173
173
173
173
172
173
173
173
201
173
173
179
173
188
172
173
173
173
173
173
173
173
173
216
173
173
195
157
173
249
173
173
173
173
173
181
173
173
173
193
173
173
173
173
173
173
173
173
172
173
173
173
160
176
173
173
179
173
173
173
173
173
173
172
173
173
173
173
173
173
172
173
173
173
173
174
172
173
173
173
161
173
157
173
173
173
161
173
173
173
173
173
173
173
173
173
173
173
173
173
173
173
173
173
173
173
173
173
173
173
173
173
173
173
173
173
173
173
173
173
173
173
184
193
221
206
173
157
157
541
173
173
173
173
173
173
173
173
157
173
173
173
173
173
173
188
173
173
173
173
173
173
173
173
173
173
173
172
173
173
173
173
188
173
173
173
173
173
224
173
188
173
173
170
173
173
173
173
173
173
163
482
173
226
173
173
172
173
173
193
173
173
173
172
172
173
173
173
173
173
173
173
710
173
173
173
161
173
211
162
172
173
187
173
351
173
173
664
173
173
173
173
173
157
173
173
173
201
173
173
173
173
173
173
173
173
173
173
172
173
173
173
174
173
173
173
173
173
217
172
173
191
173
172
173
173
173
173
173
173
173
173
173
173
173
173
173
173
173
173
173
173
173
173
181
173
172
173
173
173
178
173
173
157
173
173
173
173
173
173
259
173
172
162
173
173
229
172
173
173
173
173
173
646
184
173
188
173
157
198
157
157
173
175
177
173
173
173
173
173
173
173
145
172
157
173
173
173
173
173
226
173
173
173
173
173
173
173
157
227
173
173
173
173
157
173
173
173
172
173
173
173
173
173
173
172
189
157
173
173
173
173
192
173
173
173
173
204
173
173
157
173
172
173
190
773
201
173
172
173
185
173
173
190
189
173
173
173
534
193
173
556
157
173
226
173
173
173
173
173
173
190
157
173
173
173
185
173
173
173
173
173
173
184
173
173
173
173
173
173
157
173
173
173
173
173
173
173
190
173
173
173
173
173
191
540
173
173
290
173
194
173
173
193
321
173
173
173
157
204
173
173
173
173
230
209
173
173
173
173
173
173
679
173
157
157
183
173
173
173
157
169
213
173
173
165
173
157
157
190
173
393
173
173
157
173
157
157
173
191
229
173
644
173
172
173
173
173
Exiting @ tick 10544121000 because exiting with last active thread context
