gem5 Simulator System.  http://gem5.org
gem5 is copyrighted software; use the --copyright option for details.

gem5 compiled Nov  5 2021 04:17:18
gem5 started Nov  6 2021 14:21:51
gem5 executing on f21a8accea9f, pid 54
command line: build/X86/gem5.opt --outdir=results configs/example/spectre_config.py --benchmark=cons --num-cpus=1 --mem-size=4GB --l1d_assoc=8 --l2_assoc=16 --l1i_assoc=4 --cpu-type=DerivO3CPU --scheme_invisispec=UnsafeBaseline --needsTSO=0 --scheme_cleanupcache=Cleanup_FOR_L1L2 --num-dirs=1 --ruby --network=simple --topology=Mesh_XY --mesh-rows=1

**********
**CleanupCache Simulation Options**
scheme_cleanupcache=Cleanup_FOR_L1L2
options.rand_L2=1
options.cleanupLQExecd_on_Squash=1
options.cleanupLQInflight_on_Squash=1
options.random_repl_L1=1
options.l1d_mshr_tracking=1
options.L2Inv=1
options.InternalInterferenceHit=1
**********
 
Selected SPEC_CPU2006 benchmark
--> cons
['cons']
Global frequency set at 1000000000000 ticks per second
**** REAL SIMULATION ****
238
235
204
205
205
175
205
205
171
205
835
236
205
205
205
205
205
205
205
205
205
205
237
171
205
205
205
205
205
205
205
205
205
204
205
205
205
188
204
236
205
205
280
205
205
188
210
205
205
188
237
205
188
157
204
188
205
205
188
203
205
205
205
183
236
192
205
205
205
205
198
507
205
157
205
205
205
205
205
239
205
205
205
205
188
205
205
205
205
205
205
205
201
188
663
205
200
637
198
205
205
199
205
205
188
205
205
188
205
205
198
205
205
188
205
205
200
205
205
188
205
157
205
205
346
205
205
205
205
205
205
205
205
205
205
205
205
205
205
199
205
157
201
205
205
157
205
157
188
205
205
171
205
157
205
205
205
205
205
205
195
205
205
171
205
205
205
205
205
205
205
205
157
205
205
178
205
205
201
205
205
203
205
205
201
205
205
205
205
205
196
205
205
201
205
205
205
205
205
172
205
205
171
205
205
236
200
205
198
205
205
205
205
205
205
205
205
182
205
205
171
205
205
157
205
205
196
205
205
198
205
205
188
205
205
174
205
157
157
205
205
205
157
205
157
183
205
174
235
741
171
205
725
205
205
205
205
205
205
205
159
205
205
157
177
203
157
171
205
205
204
205
205
191
171
205
231
205
237
205
201
205
171
203
205
203
183
206
205
188
447
205
203
654
205
205
201
205
188
205
205
201
205
205
205
205
205
205
157
205
203
545
205
202
676
205
205
157
205
202
205
202
236
205
205
201
205
205
205
205
205
205
157
205
199
507
205
205
205
205
205
205
205
204
194
188
205
205
204
157
157
205
231
205
205
205
202
205
205
205
205
198
205
205
205
205
205
205
205
205
202
205
205
205
205
212
205
205
205
205
205
203
157
205
205
236
157
157
205
198
157
205
205
205
205
205
205
205
205
171
205
205
401
205
204
205
197
163
198
205
202
205
205
205
203
205
236
203
205
205
205
205
205
205
205
205
205
205
205
205
205
205
205
205
205
203
205
205
205
205
205
205
205
157
157
205
205
205
177
205
205
188
205
205
204
205
205
195
205
205
192
205
205
205
205
205
205
205
157
205
157
205
204
157
205
171
196
205
319
205
200
183
228
205
717
205
172
286
205
205
860
205
205
188
205
205
205
205
205
188
205
204
188
205
188
205
205
205
205
205
205
205
203
205
203
205
205
171
205
205
145
205
236
202
203
205
183
202
205
205
205
205
205
198
511
205
205
205
205
205
205
205
205
205
205
205
171
205
157
205
205
205
172
205
205
171
205
205
205
157
205
205
205
205
203
205
205
205
205
205
205
204
183
205
205
157
157
203
205
171
194
205
205
205
205
205
205
408
205
205
205
205
205
205
205
205
205
205
205
205
205
205
205
205
205
205
205
171
205
205
205
205
205
205
205
205
205
205
205
205
205
205
205
205
205
205
205
205
205
205
205
205
205
205
236
205
205
205
205
205
205
205
188
157
205
205
205
205
205
205
205
205
205
205
205
205
203
614
205
196
205
205
205
205
205
205
205
205
201
205
205
846
183
205
205
205
205
205
205
205
205
205
205
205
205
205
205
205
205
205
654
205
205
205
403
205
205
205
205
205
205
203
205
205
205
205
205
205
205
205
205
201
201
213
196
205
205
205
220
205
205
204
205
205
205
205
205
205
205
205
203
205
205
205
205
205
205
205
205
205
205
205
205
383
205
205
205
205
205
205
205
205
205
205
188
205
157
205
205
235
205
205
205
205
198
205
205
205
205
205
205
205
205
205
205
205
205
205
183
205
203
205
171
205
157
205
205
188
171
205
205
205
234
203
205
205
203
184
205
205
727
205
205
205
205
205
205
157
157
205
205
205
181
232
205
205
205
169
205
205
205
758
205
157
194
236
205
175
157
182
205
199
205
577
205
205
205
205
205
205
205
205
205
202
205
205
183
205
205
203
205
205
205
205
205
205
205
205
205
188
205
778
205
205
317
205
201
205
205
205
205
205
236
205
205
157
205
205
205
205
205
205
157
205
236
205
205
205
205
205
205
205
157
205
205
205
205
205
157
205
205
157
173
157
205
205
197
157
157
205
205
205
205
205
205
205
205
205
205
205
234
205
205
216
205
236
205
205
205
205
205
205
205
205
205
205
205
205
236
205
202
205
205
205
188
205
205
703
205
205
202
205
171
194
203
205
205
205
203
205
205
205
205
205
205
236
236
234
172
205
205
205
230
205
236
205
205
204
188
198
205
205
205
157
180
173
179
205
157
205
190
157
205
198
205
205
195
238
157
205
Exiting @ tick 10471361000 because exiting with last active thread context
