gem5 Simulator System.  http://gem5.org
gem5 is copyrighted software; use the --copyright option for details.

gem5 compiled Nov  7 2021 14:43:53
gem5 started Nov  8 2021 03:44:27
gem5 executing on 95535e658578, pid 64
command line: build/X86/gem5.opt --outdir=results configs/example/spectre_config.py --benchmark=cons --num-cpus=1 --mem-size=4GB --l1d_assoc=8 --l2_assoc=16 --l1i_assoc=4 --cpu-type=DerivO3CPU --scheme_invisispec=UnsafeBaseline --needsTSO=0 --scheme_cleanupcache=Cleanup_FOR_L1L2 --num-dirs=1 --ruby --network=simple --topology=Mesh_XY --mesh-rows=1

**********
**CleanupCache Simulation Options**
scheme_cleanupcache=Cleanup_FOR_L1L2
options.rand_L2=1
options.cleanupLQExecd_on_Squash=1
options.cleanupLQInflight_on_Squash=1
options.random_repl_L1=1
options.l1d_mshr_tracking=1
options.L2Inv=1
options.InternalInterferenceHit=1
**********
 
Selected SPEC_CPU2006 benchmark
--> cons
['cons']
Global frequency set at 1000000000000 ticks per second
maxtick 18446744073709551615
nonm5 maxtici:18446744073709551615
**** REAL SIMULATION ****
18446744073709551615 0
173
339
173
173
831
339
173
173
339
173
173
173
173
356
173
173
173
173
173
285
173
339
339
339
173
173
173
173
173
404
173
173
435
173
339
339
173
173
173
173
244
173
173
163
173
173
173
339
173
244
173
173
173
244
631
173
339
173
173
173
339
173
339
173
469
173
173
173
173
173
339
173
173
173
339
173
173
339
173
173
339
173
339
339
173
339
339
163
173
173
173
173
173
339
173
173
173
173
173
339
173
339
161
173
173
173
173
173
173
173
173
339
173
173
173
173
339
339
339
173
339
173
173
339
163
173
173
173
173
173
173
173
339
173
173
173
173
173
173
173
383
173
173
339
173
163
173
173
173
173
173
163
339
173
173
173
173
173
173
173
173
173
598
173
173
173
173
285
173
173
339
173
173
285
173
173
173
173
595
173
163
173
173
173
173
157
339
173
157
173
339
173
173
339
173
173
173
173
173
173
173
173
339
339
339
339
339
339
339
339
173
173
339
173
161
173
173
173
173
173
173
285
173
173
285
173
173
326
173
173
285
173
173
173
173
173
173
244
339
173
173
173
317
339
173
710
285
173
942
173
173
161
163
173
173
173
173
173
173
339
173
172
173
244
339
173
173
173
482
244
173
173
244
173
173
244
173
173
173
173
173
173
173
339
339
173
173
365
173
173
451
173
173
648
244
339
161
173
173
173
173
173
339
173
173
173
173
173
163
173
173
173
173
173
339
173
173
339
173
173
339
469
339
244
173
173
173
173
173
173
173
173
173
173
173
339
173
339
173
173
339
173
326
339
173
339
339
173
244
339
173
326
339
173
173
173
173
173
173
173
173
173
173
339
173
671
173
244
173
173
173
173
339
173
173
173
173
173
173
349
173
173
173
173
173
161
314
339
338
339
339
173
173
339
173
339
244
620
173
285
620
173
173
173
173
173
173
972
173
173
173
173
173
173
173
173
173
173
173
173
173
163
339
173
173
173
173
173
173
173
173
173
173
173
339
173
173
173
173
173
244
173
173
173
173
173
173
173
173
173
173
173
339
173
173
173
173
285
339
173
173
339
173
480
173
173
339
339
339
173
285
339
173
339
184
339
173
161
173
173
173
173
173
173
173
173
173
173
339
173
339
173
173
339
173
173
339
173
173
173
173
244
173
173
244
173
173
173
173
173
339
339
173
163
173
173
173
339
173
173
173
173
173
285
173
173
173
339
173
173
173
173
173
173
173
173
173
173
173
244
173
546
339
173
757
173
173
339
173
173
271
173
173
173
173
173
173
173
173
173
173
173
173
173
173
173
173
173
173
173
157
173
173
157
173
173
173
173
173
173
244
173
173
163
173
173
173
173
173
173
285
173
173
285
173
264
339
173
173
173
173
173
173
173
173
339
339
173
173
244
173
173
163
173
173
173
173
339
173
173
285
173
339
339
339
173
173
249
173
173
322
339
173
173
285
173
173
173
163
430
173
173
339
173
173
173
201
339
173
235
339
173
1247
339
339
241
339
173
173
173
173
321
173
173
339
173
339
173
173
244
173
173
173
173
173
173
173
173
173
339
339
173
173
173
173
173
339
339
173
173
527
339
339
161
173
326
173
173
339
173
173
173
173
173
173
173
157
264
339
339
173
173
339
803
173
173
173
173
173
339
173
339
339
173
339
173
321
323
173
173
285
173
173
173
439
173
173
244
173
173
173
161
173
173
173
339
173
163
339
157
157
173
173
173
173
787
173
173
173
339
339
173
173
163
173
163
173
173
173
173
173
173
173
173
173
173
173
173
173
339
173
173
163
173
173
173
691
173
173
685
173
173
656
173
173
696
173
173
173
173
173
497
173
157
692
173
157
601
173
173
173
278
339
339
173
339
339
173
323
339
173
339
323
173
339
173
173
173
313
339
339
173
339
339
173
339
339
173
339
339
244
339
173
173
173
173
187
173
173
173
173
173
173
326
173
161
173
173
339
173
221
339
339
163
173
173
173
173
173
216
339
339
173
173
173
173
173
173
216
339
173
173
339
173
173
239
173
173
173
161
173
173
173
173
173
339
339
161
173
339
173
173
173
173
173
173
173
173
173
173
173
173
173
339
173
173
216
339
173
367
173
173
173
173
173
175
173
173
173
173
339
239
173
161
173
339
173
324
173
173
173
173
173
173
173
173
173
173
173
173
284
173
161
173
173
173
339
339
173
173
173
161
239
173
173
349
325
339
173
511
339
339
173
173
339
173
239
173
161
339
339
173
173
339
173
173
173
173
173
173
173
173
173
339
173
173
339
339
339
284
Exiting @ tick 10329625500 because exiting with last active thread context
