gem5 Simulator System.  http://gem5.org
gem5 is copyrighted software; use the --copyright option for details.

gem5 compiled Nov  7 2021 14:43:53
gem5 started Nov  8 2021 03:48:01
gem5 executing on 95535e658578, pid 72
command line: build/X86/gem5.opt --outdir=results configs/example/spectre_config.py --benchmark=cons --num-cpus=1 --mem-size=4GB --l1d_assoc=8 --l2_assoc=16 --l1i_assoc=4 --cpu-type=DerivO3CPU --scheme_invisispec=UnsafeBaseline --needsTSO=0 --scheme_cleanupcache=Cleanup_FOR_L1L2 --num-dirs=1 --ruby --network=simple --topology=Mesh_XY --mesh-rows=1

**********
**CleanupCache Simulation Options**
scheme_cleanupcache=Cleanup_FOR_L1L2
options.rand_L2=1
options.cleanupLQExecd_on_Squash=1
options.cleanupLQInflight_on_Squash=1
options.random_repl_L1=1
options.l1d_mshr_tracking=1
options.L2Inv=1
options.InternalInterferenceHit=1
**********
 
Selected SPEC_CPU2006 benchmark
--> cons
['cons']
Global frequency set at 1000000000000 ticks per second
maxtick 18446744073709551615
nonm5 maxtici:18446744073709551615
**** REAL SIMULATION ****
18446744073709551615 0
195
361
195
195
190
157
361
195
195
195
195
195
195
195
195
173
361
195
195
361
195
254
195
195
254
195
195
295
195
400
195
195
195
195
335
195
361
195
195
361
195
195
195
195
195
195
195
195
361
195
251
195
157
292
195
195
195
195
292
195
361
195
195
195
195
195
195
195
157
171
361
195
195
195
195
361
195
361
195
195
195
195
195
195
361
195
361
195
195
195
361
195
195
195
361
171
171
195
195
195
195
361
336
195
195
295
195
361
292
195
361
336
195
195
195
361
195
195
195
361
292
195
195
295
195
195
254
195
361
195
323
157
195
195
195
195
195
195
195
195
195
361
195
195
195
195
195
195
195
195
171
361
361
195
195
361
195
195
195
195
361
195
195
195
195
361
361
696
195
195
361
356
361
195
195
361
195
183
195
254
361
173
195
361
192
361
195
195
361
195
195
195
195
195
195
195
361
254
361
361
195
173
195
195
173
195
195
195
361
195
361
361
361
361
361
361
361
195
195
195
195
195
195
195
195
195
195
195
173
361
195
195
195
311
361
195
195
195
173
195
195
195
195
195
195
195
195
173
195
195
254
361
195
361
813
361
195
195
195
295
195
195
195
195
195
195
195
195
195
195
361
195
195
361
361
195
195
195
173
195
478
361
195
195
361
195
195
336
195
195
195
195
195
195
195
361
171
195
195
195
195
195
195
551
361
195
1165
361
195
729
361
195
195
195
195
361
195
295
195
195
173
195
195
157
195
195
195
195
195
195
361
195
195
361
195
195
195
195
195
361
195
195
195
195
195
195
195
195
195
195
195
195
870
361
195
195
195
195
195
195
361
195
254
254
195
195
195
361
195
173
195
195
195
195
195
195
361
361
195
295
195
195
195
195
195
195
195
361
195
195
195
195
361
361
254
195
361
195
195
361
171
361
361
171
195
195
361
195
361
361
195
195
361
195
195
361
195
361
195
171
195
195
195
195
195
195
195
356
195
195
183
195
195
576
195
195
361
195
195
361
195
195
361
195
195
295
628
195
195
195
195
361
195
195
195
361
195
195
195
443
195
195
361
195
195
195
195
254
361
361
361
195
336
361
195
195
183
195
195
195
500
195
195
195
195
195
393
195
195
195
195
361
195
195
195
195
336
195
195
422
173
195
208
337
195
195
195
195
293
195
195
293
195
195
293
195
195
171
195
195
293
195
195
195
254
361
195
254
295
361
195
195
195
195
195
195
195
336
361
195
361
361
195
336
361
173
361
361
195
195
195
195
195
195
361
195
195
361
195
361
195
361
195
195
295
361
195
254
195
361
254
361
195
171
361
195
183
295
361
195
195
361
195
295
361
195
195
183
424
195
195
171
195
195
195
361
195
171
195
361
195
657
361
323
183
195
195
572
250
195
195
157
195
195
195
195
195
195
195
361
361
195
195
361
195
195
195
361
195
750
381
195
195
195
195
266
361
195
195
183
157
195
195
173
195
195
336
195
195
195
195
195
195
195
195
361
195
195
363
195
361
361
394
157
195
195
361
195
361
157
195
183
195
195
195
157
171
361
323
195
195
195
195
195
195
195
195
195
195
195
195
195
295
195
195
173
195
195
254
195
195
195
195
195
361
195
195
195
195
374
195
195
361
349
361
361
195
195
361
361
361
361
195
195
195
195
173
677
195
195
195
195
361
195
195
195
368
195
334
195
195
195
361
195
195
173
632
195
195
361
195
195
612
361
361
195
195
195
195
195
195
361
173
195
361
195
254
195
496
195
195
361
195
195
347
195
195
361
195
361
361
183
361
195
195
195
195
373
361
195
361
195
195
195
195
195
195
195
195
195
195
195
295
195
195
195
195
195
361
195
291
361
195
195
254
195
195
195
195
195
195
361
361
195
195
361
195
361
195
195
195
195
195
195
195
171
183
195
195
195
337
183
254
204
195
195
195
195
195
361
361
195
361
195
195
195
195
195
195
195
361
195
291
195
386
361
195
361
195
195
195
195
361
195
195
195
195
195
195
361
195
361
195
361
195
195
361
361
195
195
195
195
173
361
195
195
173
361
361
195
195
195
195
195
195
195
195
195
195
195
347
195
195
195
195
195
195
195
195
195
195
361
195
491
259
195
195
195
195
195
195
173
195
195
195
195
195
195
195
195
195
195
195
195
195
195
195
195
387
195
195
347
195
195
380
195
195
380
195
195
380
195
195
380
195
195
368
183
195
173
295
195
195
195
195
195
195
195
195
195
195
195
195
605
195
195
361
195
361
173
195
195
1205
195
368
195
195
195
157
157
Exiting @ tick 10335687500 because exiting with last active thread context
